1 3 7
1 4 15
1 2 49
1 5 44
2 1 1
2 2 19
3 1 1
3 1 19
4 1 18
4 1 35
4 5 3
4 5 15
4 1 44
4 1 4
5 4 4
5 4 9
5 2 23
5 5 2
5 5 7
6 2 14
6 4 44
6 3 21
7 4 12
7 3 31
7 2 36
7 1 48
7 1 44
7 1 4
8 5 28
8 1 27
8 3 15
9 3 28
9 1 2
10 5 18
10 2 35
10 1 3
11 4 23
11 5 24
11 1 40
11 2 41
11 5 43
12 1 43
12 4 48
12 3 20
13 4 49
14 2 1
14 3 19
14 2 26
15 5 22
15 3 5
15 4 39
16 2 16
16 2 32
16 1 45
17 2 4
17 1 9
17 2 6
17 5 16
17 3 22
17 3 10
18 2 1
18 5 19
18 3 23
19 2 7
19 4 11
19 2 37
19 5 45
20 4 18
20 4 35
20 4 3
20 3 32
21 4 8
21 3 47
21 1 1
21 5 19
22 2 44
22 1 34
22 3 39
23 3 13
23 5 19
24 4 4
24 4 9
24 5 38
25 3 48
25 3 7
25 1 22
26 5 14
26 4 11
26 2 7
27 5 23
27 2 24
27 4 40
27 2 41
27 4 43
28 2 14
28 4 9
29 4 0
29 1 2
29 5 42
30 1 35
30 5 13
31 3 23
32 4 25
32 4 21
32 4 8
32 1 38
33 1 4
33 4 46
34 3 23
34 5 24
34 3 40
34 2 41
34 2 43
35 1 17
35 4 47
35 5 29
35 3 4
36 1 12
36 1 31
36 4 36
37 4 14
37 5 44
37 4 26
37 4 22
37 4 37
38 5 16
38 5 32
38 1 45
38 4 47
38 4 30
38 5 0
39 2 1
39 2 19
39 4 27
39 2 11
39 4 25
39 1 46
39 5 29
40 2 18
40 5 15
40 2 21
40 2 16
40 4 26
41 1 14
41 5 4
41 3 10
42 4 36
42 2 3
43 2 28
43 5 27
43 3 23
44 5 21
44 2 40
44 5 15
45 2 32
45 1 10
45 1 19
45 2 25
46 4 44
46 1 11
46 4 22
47 3 8
48 3 0
48 4 46
48 3 2
49 2 42
49 5 33
50 1 28
50 2 39
51 4 28
